1.130899377308991260e+00 6.956815570362696599e-01 8.832772412725110600e-01 9.528854353831262003e-01 7.998146452881663704e-01 9.041401458384403789e-01 1.019310896998780525e+00 1.053028062694067124e+00 7.217036286785479815e-01 1.572320024706229225e+00
1.345939507002582802e+00 1.319340699304636377e+00 1.144778344708351936e+00 1.332344932747813182e+00 1.176761188139189063e+00 1.393409249750837020e+00 1.019012674199270663e+00 1.104128588767943953e+00 1.077450268434122727e+00 1.219097214236022797e+00
1.332510439184472650e+00 8.521297099156963650e-01 7.772365108607643958e-01 1.092030712552149119e+00 9.459894084482702858e-01 1.018529851072276227e+00 9.758252065211305837e-01 1.042419170187191213e+00 9.325064289714473098e-01 1.412315128447544144e+00
1.006837997492069148e+00 8.689033644914047061e-01 8.686158030281627696e-01 9.457636780337939086e-01 7.971910325225245453e-01 1.230632556199170224e+00 8.462992868137301228e-01 8.175299426793507518e-01 8.980425459242790120e-01 1.524409372235514093e+00
8.076188683067815344e-01 9.753191722927462282e-01 1.189739773274068213e+00 6.839820799737104107e-01 9.214108801792831871e-01 1.245278677132522382e+00 1.158516744061334869e+00 9.721030945221559305e-01 7.633386186743899016e-01 1.756949403671613563e+00
1.159245023311551437e+00 9.600658632182884622e-01 1.019478928404113027e+00 1.090614045381296915e+00 9.363768530585080407e-01 7.264247963962034982e-01 1.154721650089840068e+00 1.288621382277497673e+00 1.030423689316329661e+00 1.754246184255174423e+00
9.313696758496452510e-01 7.626140769366448469e-01 9.450916584534360121e-01 6.697602616322086977e-01 7.120123993155486053e-01 9.592333493581379766e-01 9.193361159394547455e-01 9.669183725297910703e-01 6.869533576615819426e-01 1.471916050143412757e+00
7.247038958215251681e-01 9.594062916217377390e-01 1.204935040712804106e+00 6.931270255099297728e-01 8.447230791434114927e-01 1.126796944432374215e+00 1.177975623114612791e+00 9.779925108237115250e-01 7.642302224529551324e-01 1.704932249793392529e+00
1.539551508373771638e+00 1.412845851717454027e+00 1.308744917325425305e+00 1.423607869608379817e+00 1.343838917175950609e+00 1.592201836517193048e+00 1.080805159963114548e+00 1.022104110069873339e+00 1.234540996921465794e+00 1.415854672683973803e+00
1.070463541714159694e+00 8.003056370350242199e-01 9.876968200737815673e-01 9.762450055667788451e-01 7.841926650281036970e-01 9.373131013951214729e-01 1.028632991754400372e+00 1.094224050923244596e+00 7.896032330283562217e-01 1.680113963545039502e+00
